1000 100
1100 132
1200 105
1300 113
1400 110
1500 132
1600 115
1700 118
1800 116
1900 122
2000 137
2100 117
2200 128
2300 134
2400 131
2500 129
2600 136
2700 151
2800 150
2900 144
3000 150
3100 143
3200 177
3300 144
3400 144
3500 163
3600 150
3700 132
3800 138
3900 149
4000 135
4100 146
4200 185
4300 157
4400 143
4500 157
4600 168
4700 176
4800 145
4900 149
5000 173
5100 173
5200 195
5300 158
5400 167
5500 154
5600 151
5700 167
5800 155
5900 157
6000 170
6100 151
6200 172
6300 177
6400 199
6500 161
6600 192
6700 202
6800 160
6900 201
7000 190
7100 187
7200 186
7300 191
7400 219
7500 205
7600 203
7700 198
7800 188
7900 190
8000 173
8100 173
8200 196
8300 183
8400 180
8500 176
8600 230
8700 186
8800 204
8900 208
9000 189
9100 229
9200 214
9300 204
9400 205
9500 190
9600 202
9700 224
9800 188
9900 210
10000 195
10100 196
10200 203
10300 195
10400 198
10500 198
10600 205
10700 201
10800 211
10900 210
11000 222
11100 211
11200 225
11300 200
11400 204
11500 216
11600 203
11700 196
11800 226
11900 230
12000 214
12100 217
12200 219
12300 242
12400 230
12500 214
12600 219
12700 203
12800 225
12900 223
13000 211
13100 230
13200 222
13300 209
13400 237
13500 212
13600 236
13700 214
13800 242
13900 213
14000 219
14100 238
14200 258
14300 259
14400 237
14500 207
14600 222
14700 258
14800 213
14900 252
15000 225
15100 246
15200 238
15300 233
15400 252
15500 231
15600 212
15700 263
15800 223
15900 256
16000 234
16100 237
16200 236
16300 244
16400 230
16500 272
16600 234
16700 228
16800 241
16900 241
17000 219
17100 258
17200 227
17300 214
17400 242
17500 233
17600 235
17700 235
17800 239
17900 233
18000 240
18100 239
18200 218
18300 248
18400 226
18500 253
18600 256
18700 229
18800 231
18900 253
19000 244
19100 229
19200 240
19300 233
19400 221
19500 261
19600 271
19700 243
19800 245
19900 254
20000 225
20100 247
20200 263
20300 243
20400 245
20500 234
20600 223
20700 249
20800 240
20900 226
21000 231
21100 231
21200 260
21300 260
21400 237
21500 231
21600 249
21700 243
21800 250
21900 244
22000 233
22100 237
22200 256
22300 238
22400 300
22500 256
22600 272
22700 258
22800 240
22900 236
23000 240
23100 295
23200 255
23300 244
23400 262
23500 276
23600 252
23700 252
23800 260
23900 270
24000 242
24100 244
24200 239
24300 236
24400 254
24500 239
24600 238
24700 237
24800 254
24900 238
25000 248
25100 248
25200 252
25300 266
25400 247
25500 245
25600 241
25700 259
25800 242
25900 244
26000 240
26100 243
26200 242
26300 244
26400 262
26500 279
26600 256
26700 250
26800 244
26900 253
27000 282
27100 246
27200 251
27300 259
27400 263
27500 267
27600 245
27700 276
27800 287
27900 271
28000 278
28100 264
28200 254
28300 293
28400 290
28500 265
28600 245
28700 259
28800 257
28900 251
29000 245
29100 286
29200 282
29300 256
29400 246
29500 284
29600 261
29700 256
29800 256
29900 274
30000 260
30100 249
30200 254
30300 253
30400 271
30500 261
30600 259
30700 260
30800 298
30900 257
31000 256
31100 268
31200 273
31300 271
31400 301
31500 256
31600 265
31700 279
31800 267
31900 266
32000 325
32100 273
32200 259
32300 296
32400 331
32500 279
32600 280
32700 276
32800 309
32900 277
33000 295
33100 271
33200 285
33300 255
33400 258
33500 273
33600 290
33700 262
33800 265
33900 265
34000 265
34100 259
34200 307
34300 276
34400 275
34500 271
34600 265
34700 261
34800 305
34900 267
35000 263
35100 263
35200 285
35300 256
35400 276
35500 280
35600 286
35700 267
35800 266
35900 293
36000 321
36100 285
36200 273
36300 284
36400 321
36500 319
36600 337
36700 274
36800 265
36900 274
37000 268
37100 274
37200 280
37300 262
37400 266
37500 280
37600 280
37700 263
37800 264
37900 301
38000 280
38100 268
38200 282
38300 288
38400 265
38500 290
38600 279
38700 290
38800 282
38900 265
39000 271
39100 292
39200 266
39300 268
39400 283
39500 301
39600 264
39700 286
39800 266
39900 282
40000 282
40100 277
40200 266
40300 305
40400 271
40500 272
40600 280
40700 302
40800 281
40900 277
41000 273
41100 294
41200 283
41300 273
41400 268
41500 329
41600 300
41700 326
41800 298
41900 294
42000 293
42100 283
42200 293
42300 275
42400 284
42500 280
42600 283
42700 279
42800 289
42900 282
43000 308
43100 272
43200 276
43300 282
43400 296
43500 270
43600 287
43700 276
43800 297
43900 302
44000 271
44100 283
44200 296
44300 315
44400 287
44500 296
44600 315
44700 289
44800 311
44900 359
45000 318
45100 304
45200 310
45300 308
45400 306
45500 291
45600 309
45700 313
45800 292
45900 298
46000 302
46100 304
46200 290
46300 308
46400 312
46500 284
46600 310
46700 306
46800 301
46900 296
47000 330
47100 316
47200 320
47300 296
47400 311
47500 298
47600 290
47700 299
47800 380
47900 314
48000 342
48100 306
48200 345
48300 345
48400 369
48500 301
48600 280
48700 297
48800 329
48900 321
49000 313
49100 299
49200 303
49300 329
49400 303
49500 302
49600 297
49700 291
49800 308
49900 316
50000 291
50100 329
50200 328
50300 286
50400 303
50500 308
50600 321
50700 308
50800 299
50900 435
51000 318
51100 380
51200 322
51300 334
51400 354
51500 317
51600 348
51700 321
51800 325
51900 362
52000 324
52100 299
52200 322
52300 311
52400 296
52500 290
52600 312
52700 311
52800 323
52900 389
53000 372
53100 411
53200 400
53300 366
53400 327
53500 316
53600 304
53700 304
53800 296
53900 314
54000 294
54100 287
54200 305
54300 320
54400 302
54500 296
54600 342
54700 295
54800 328
54900 303
55000 324
55100 316
55200 315
55300 351
55400 396
55500 352
55600 386
55700 394
55800 394
55900 417
56000 384
56100 378
56200 467
56300 507
56400 451
56500 365
56600 325
56700 337
56800 323
56900 297
57000 312
57100 317
57200 303
57300 316
57400 340
57500 309
57600 335
57700 294
57800 336
57900 301
58000 324
58100 333
58200 318
58300 295
58400 316
58500 311
58600 308
58700 306
58800 324
58900 302
59000 313
59100 297
59200 324
59300 304
59400 310
59500 323
59600 305
59700 312
59800 314
59900 411
60000 359
60100 337
60200 384
60300 328
60400 406
60500 322
60600 322
60700 309
60800 325
60900 312
61000 319
61100 309
61200 337
61300 305
61400 314
61500 304
61600 344
61700 295
61800 328
61900 368
62000 330
62100 345
62200 359
62300 321
62400 326
62500 327
62600 334
62700 307
62800 327
62900 320
63000 328
63100 301
63200 388
63300 332
63400 323
63500 347
63600 343
63700 344
63800 354
63900 389
64000 334
64100 331
64200 329
64300 362
64400 402
64500 374
64600 336
64700 359
64800 372
64900 380
65000 305
65100 342
65200 306
65300 320
65400 338
65500 333
65600 300
65700 349
65800 362
65900 314
66000 344
66100 363
66200 308
66300 314
66400 334
66500 326
66600 309
66700 326
66800 320
66900 325
67000 303
67100 345
67200 314
67300 341
67400 375
67500 347
67600 333
67700 343
67800 330
67900 333
68000 378
68100 338
68200 337
68300 340
68400 356
68500 357
68600 335
68700 344
68800 334
68900 434
69000 411
69100 347
69200 391
69300 390
69400 405
69500 301
69600 352
69700 345
69800 362
69900 346
70000 331
70100 310
70200 339
70300 347
70400 358
70500 348
70600 340
70700 334
70800 327
70900 356
71000 330
71100 343
71200 412
71300 388
71400 340
71500 366
71600 335
71700 368
71800 354
71900 327
72000 328
72100 350
72200 366
72300 352
72400 338
72500 385
72600 349
72700 307
72800 345
72900 322
73000 338
73100 361
73200 325
73300 338
73400 377
73500 328
73600 341
73700 334
73800 428
73900 391
74000 376
74100 375
74200 387
74300 429
74400 333
74500 324
74600 347
74700 322
74800 338
74900 331
75000 338
75100 330
75200 317
75300 357
75400 323
75500 323
75600 376
75700 375
75800 359
75900 384
76000 370
76100 319
76200 350
76300 336
76400 327
76500 352
76600 328
76700 340
76800 333
76900 379
77000 360
77100 351
77200 363
77300 351
77400 372
77500 364
77600 370
77700 375
77800 385
77900 345
78000 345
78100 386
78200 342
78300 332
78400 358
78500 316
78600 349
78700 361
78800 331
78900 345
79000 376
79100 327
79200 350
79300 346
79400 353
79500 362
79600 339
79700 353
79800 334
79900 338
80000 363
80100 341
80200 340
80300 431
80400 386
80500 414
80600 396
80700 414
80800 428
80900 351
81000 338
81100 360
81200 370
81300 348
81400 338
81500 359
81600 347
81700 332
81800 365
81900 345
82000 331
82100 371
82200 374
82300 388
82400 386
82500 352
82600 352
82700 393
82800 349
82900 395
83000 388
83100 357
83200 365
83300 409
83400 369
83500 376
83600 378
83700 341
83800 452
83900 437
84000 367
84100 398
84200 423
84300 394
84400 436
84500 397
84600 369
84700 414
84800 372
84900 369
85000 365
85100 372
85200 353
85300 362
85400 349
85500 360
85600 411
85700 469
85800 472
85900 464
86000 495
86100 470
86200 441
86300 465
86400 429
86500 394
86600 394
86700 459
86800 448
86900 365
87000 360
87100 399
87200 355
87300 358
87400 420
87500 362
87600 367
87700 381
87800 361
87900 372
88000 431
88100 443
88200 480
88300 474
88400 460
88500 456
88600 375
88700 387
88800 367
88900 379
89000 382
89100 372
89200 374
89300 499
89400 471
89500 466
89600 416
89700 369
89800 422
89900 374
90000 357
90100 380
90200 419
90300 479
90400 506
90500 502
90600 434
90700 401
90800 347
90900 377
91000 361
91100 355
91200 375
91300 366
91400 402
91500 426
91600 368
91700 386
91800 401
91900 388
92000 395
92100 354
92200 364
92300 384
92400 362
92500 343
92600 377
92700 375
92800 386
92900 495
93000 442
93100 396
93200 383
93300 359
93400 353
93500 406
93600 371
93700 354
93800 382
93900 388
94000 394
94100 391
94200 392
94300 396
94400 356
94500 359
94600 392
94700 368
94800 390
94900 413
95000 366
95100 382
95200 404
95300 369
95400 386
95500 399
95600 410
95700 397
95800 408
95900 379
96000 390
96100 412
96200 568
96300 420
96400 378
96500 375
96600 443
96700 469
96800 449
96900 412
97000 463
97100 498
97200 485
97300 506
97400 417
97500 508
97600 399
97700 482
97800 404
97900 409
98000 395
98100 411
98200 358
98300 429
98400 378
98500 390
98600 406
98700 407
98800 371
98900 402
99000 372
99100 427
99200 393
99300 392
99400 388
99500 424
99600 402
99700 420
99800 393
99900 396
100000 400
100100 494
100200 370
100300 439
100400 385
100500 433
100600 362
100700 401
100800 406
100900 406
101000 408
101100 426
101200 383
101300 420
101400 392
101500 394
101600 416
101700 408
101800 373
101900 442
102000 374
102100 406
102200 412
102300 410
102400 415
102500 434
102600 385
102700 428
102800 394
102900 408
103000 410
103100 403
103200 379
103300 435
103400 481
103500 476
103600 391
103700 543
103800 440
103900 406
104000 414
104100 403
104200 366
104300 416
104400 378
104500 408
104600 406
104700 396
104800 405
104900 384
105000 372
105100 427
105200 384
105300 398
105400 414
105500 423
105600 387
105700 433
105800 377
105900 419
106000 438
106100 531
106200 576
106300 524
106400 485
106500 407
106600 398
106700 403
106800 404
106900 435
107000 358
107100 406
107200 407
107300 396
107400 413
107500 563
107600 528
107700 438
107800 402
107900 410
108000 399
108100 390
108200 437
108300 559
108400 515
108500 472
108600 414
108700 402
108800 397
108900 408
109000 426
109100 406
109200 427
109300 399
109400 439
109500 428
109600 420
109700 447
109800 431
109900 390
110000 476
110100 377
110200 468
110300 383
110400 439
110500 418
110600 386
110700 397
110800 455
110900 411
111000 446
111100 401
111200 392
111300 404
111400 384
111500 384
111600 402
111700 382
111800 375
111900 405
112000 386
112100 390
112200 409
112300 383
112400 401
112500 381
112600 377
112700 437
112800 386
112900 383
113000 410
113100 380
113200 378
113300 407
113400 375
113500 401
113600 406
113700 392
113800 394
113900 389
114000 382
114100 394
114200 424
114300 393
114400 414
114500 387
114600 391
114700 417
114800 387
114900 400
115000 409
115100 398
115200 421
115300 368
115400 379
115500 412
115600 389
115700 395
115800 426
115900 395
116000 386
116100 409
116200 374
116300 412
116400 394
116500 395
116600 414
116700 394
116800 393
116900 404
117000 393
117100 379
117200 416
117300 422
117400 419
117500 389
117600 399
117700 405
117800 396
117900 391
118000 403
118100 393
118200 383
118300 413
118400 397
118500 409
118600 398
118700 394
118800 445
118900 395
119000 388
119100 428
119200 381
119300 396
119400 409
119500 399
119600 406
119700 390
119800 387
119900 406
120000 392
120100 407
120200 410
120300 408
120400 409
120500 417
120600 397
120700 418
120800 394
120900 406
121000 423
121100 406
121200 406
121300 420
121400 403
121500 407
121600 400
121700 385
121800 435
121900 402
122000 382
122100 427
122200 390
122300 402
122400 428
122500 399
122600 436
122700 399
122800 390
122900 425
123000 394
123100 382
123200 423
123300 420
123400 439
123500 382
123600 409
123700 425
123800 388
123900 400
124000 431
124100 404
124200 403
124300 411
124400 389
124500 427
124600 393
124700 389
124800 445
124900 415
125000 408
125100 424
125200 407
125300 422
125400 399
125500 408
125600 426
125700 415
125800 405
125900 430
126000 394
126100 424
126200 397
126300 433
126400 420
126500 401
126600 406
126700 436
126800 405
126900 430
127000 409
127100 392
127200 437
127300 383
127400 410
127500 424
127600 397
127700 430
127800 431
127900 406
128000 420
128100 406
128200 429
128300 419
128400 414
128500 446
128600 413
128700 404
128800 430
128900 406
129000 417
129100 419
129200 431
129300 444
129400 418
129500 404
129600 424
129700 425
129800 446
129900 404
130000 412
130100 424
130200 412
130300 419
130400 423
130500 410
130600 432
130700 431
130800 405
130900 443
131000 413
131100 427
131200 412
131300 409
131400 425
131500 406
131600 407
131700 429
131800 410
131900 424
132000 410
132100 436
132200 442
132300 407
132400 409
132500 428
132600 405
132700 434
132800 410
132900 409
133000 425
133100 411
133200 422
133300 424
133400 408
133500 434
133600 436
133700 427
133800 437
133900 415
134000 433
134100 418
134200 412
134300 433
134400 409
134500 431
134600 416
134700 413
134800 446
134900 417
135000 430
135100 430
135200 398
135300 453
135400 399
135500 419
135600 461
135700 416
135800 435
135900 404
136000 434
136100 433
136200 417
136300 407
136400 433
136500 455
136600 441
136700 423
136800 415
136900 430
137000 412
137100 439
137200 413
137300 419
137400 431
137500 412
137600 420
137700 429
137800 404
137900 450
138000 421
138100 419
138200 432
138300 410
138400 444
138500 423
138600 421
138700 447
138800 420
138900 400
139000 506
139100 451
139200 462
139300 457
139400 530
139500 457
139600 454
139700 438
139800 419
139900 436
140000 428
140100 430
140200 457
140300 419
140400 447
140500 456
140600 460
140700 494
140800 422
140900 475
141000 409
141100 476
141200 441
141300 417
141400 439
141500 415
141600 420
141700 437
141800 418
141900 437
142000 424
142100 468
142200 452
142300 433
142400 479
142500 443
142600 437
142700 488
142800 429
142900 518
143000 465
143100 468
143200 429
143300 424
143400 454
143500 496
143600 473
143700 463
143800 470
143900 444
144000 495
144100 518
144200 530
144300 521
144400 481
144500 444
144600 463
144700 496
144800 569
144900 510
145000 492
145100 526
145200 487
145300 477
145400 456
145500 463
145600 466
145700 444
145800 448
145900 461
146000 482
146100 434
146200 449
146300 466
146400 440
146500 461
146600 441
146700 455
146800 478
146900 441
147000 446
147100 438
147200 453
147300 588
147400 577
147500 600
147600 512
147700 458
147800 569
147900 597
148000 615
148100 563
148200 574
148300 469
148400 479
148500 460
148600 436
148700 461
148800 428
148900 434
149000 448
149100 435
149200 453
149300 425
149400 420
149500 469
149600 432
149700 462
149800 452
149900 430
150000 453
150100 421
150200 485
150300 464
150400 503
150500 496
150600 495
150700 464
150800 439
150900 458
151000 445
151100 476
151200 446
151300 437
151400 456
151500 486
151600 503
151700 452
151800 454
151900 496
152000 428
152100 490
152200 470
152300 475
152400 477
152500 457
152600 476
152700 461
152800 474
152900 442
153000 468
153100 552
153200 544
153300 488
153400 537
153500 513
153600 488
153700 547
153800 481
153900 471
154000 422
154100 473
154200 498
154300 525
154400 544
154500 444
154600 485
154700 478
154800 483
154900 466
155000 470
155100 481
155200 635
155300 635
155400 600
155500 580
155600 592
155700 499
155800 467
155900 518
156000 515
156100 497
156200 451
156300 473
156400 458
156500 480
156600 443
156700 438
156800 470
156900 553
157000 602
157100 606
157200 593
157300 499
157400 590
157500 618
157600 605
157700 607
157800 615
157900 605
158000 578
158100 478
158200 454
158300 512
158400 472
158500 449
158600 463
158700 435
158800 468
158900 447
159000 444
159100 543
159200 512
159300 531
159400 458
159500 537
159600 471
159700 474
159800 440
159900 504
160000 546
160100 509
160200 527
160300 503
160400 543
160500 505
160600 535
160700 450
160800 463
160900 458
161000 448
161100 469
161200 447
161300 494
161400 518
161500 531
161600 501
161700 512
161800 505
161900 526
162000 531
162100 545
162200 531
162300 513
162400 455
162500 441
162600 468
162700 430
162800 445
162900 479
163000 445
163100 465
163200 442
163300 452
163400 532
163500 443
163600 469
163700 457
163800 499
163900 445
164000 443
164100 457
164200 456
164300 484
164400 440
164500 458
164600 459
164700 478
164800 477
164900 440
165000 466
165100 448
165200 447
165300 475
165400 450
165500 470
165600 443
165700 476
165800 445
165900 456
166000 504
166100 440
166200 469
166300 446
166400 429
166500 471
166600 444
166700 471
166800 445
166900 473
167000 451
167100 448
167200 471
167300 465
167400 486
167500 466
167600 448
167700 468
167800 452
167900 486
168000 460
168100 472
168200 449
168300 456
168400 522
168500 479
168600 524
168700 494
168800 522
168900 487
169000 500
169100 483
169200 462
169300 480
169400 467
169500 468
169600 444
169700 485
169800 452
169900 567
170000 576
170100 534
170200 513
170300 580
170400 456
170500 449
170600 479
170700 450
170800 473
170900 450
171000 445
171100 490
171200 482
171300 475
171400 445
171500 478
171600 447
171700 461
171800 473
171900 455
172000 488
172100 444
172200 453
172300 460
172400 445
172500 526
172600 457
172700 476
172800 472
172900 520
173000 515
173100 470
173200 506
173300 484
173400 513
173500 476
173600 508
173700 580
173800 596
173900 514
174000 490
174100 470
174200 483
174300 478
174400 475
174500 497
174600 480
174700 496
174800 466
174900 634
175000 645
175100 649
175200 504
175300 554
175400 455
175500 476
175600 457
175700 462
175800 468
175900 450
176000 483
176100 500
176200 494
176300 448
176400 496
176500 467
176600 465
176700 486
176800 461
176900 476
177000 461
177100 465
177200 470
177300 485
177400 562
177500 531
177600 503
177700 455
177800 505
177900 461
178000 493
178100 484
178200 617
178300 639
178400 587
178500 467
178600 513
178700 464
178800 473
178900 484
179000 457
179100 484
179200 461
179300 497
179400 464
179500 456
179600 484
179700 464
179800 500
179900 473
180000 497
180100 474
180200 468
180300 486
180400 462
180500 497
180600 452
180700 502
180800 461
180900 464
181000 474
181100 495
181200 489
181300 464
181400 495
181500 462
181600 471
181700 483
181800 469
181900 493
182000 461
182100 481
182200 458
182300 452
182400 505
182500 455
182600 499
182700 466
182800 486
182900 466
183000 486
183100 466
183200 461
183300 478
183400 459
183500 498
183600 470
183700 510
183800 469
183900 463
184000 487
184100 469
184200 520
184300 516
184400 568
184500 543
184600 537
184700 484
184800 511
184900 489
185000 462
185100 499
185200 469
185300 490
185400 473
185500 494
185600 460
185700 456
185800 486
185900 458
186000 489
186100 462
186200 529
186300 464
186400 472
186500 488
186600 476
186700 481
186800 469
186900 500
187000 468
187100 491
187200 473
187300 465
187400 498
187500 487
187600 505
187700 537
187800 523
187900 552
188000 555
188100 537
188200 556
188300 514
188400 548
188500 473
188600 549
188700 528
188800 515
188900 478
189000 464
189100 493
189200 467
189300 495
189400 471
189500 484
189600 467
189700 474
189800 505
189900 489
190000 506
190100 466
190200 489
190300 470
190400 493
190500 483
190600 466
190700 505
190800 473
190900 544
191000 551
191100 525
191200 521
191300 522
191400 544
191500 530
191600 493
191700 590
191800 502
191900 514
192000 530
192100 468
192200 530
192300 556
192400 498
192500 492
192600 538
192700 474
192800 572
192900 562
193000 531
193100 487
193200 685
193300 620
193400 527
193500 481
193600 688
193700 616
193800 640
193900 577
194000 610
194100 659
194200 607
194300 567
194400 520
194500 555
194600 526
194700 542
194800 523
194900 517
195000 538
195100 515
195200 539
195300 506
195400 528
195500 512
195600 569
195700 493
195800 532
195900 491
196000 529
196100 485
196200 559
196300 485
196400 533
196500 491
196600 554
196700 508
196800 528
196900 540
197000 519
197100 535
197200 510
197300 544
197400 481
197500 520
197600 491
197700 519
197800 470
197900 559
198000 478
198100 520
198200 502
198300 529
198400 499
198500 516
198600 508
198700 501
198800 518
198900 510
199000 549
199100 486
199200 558
199300 476
199400 525
199500 499
199600 510
199700 523
199800 506
199900 541
200000 461
200100 531
200200 488
200300 535
200400 495
200500 548
200600 478
200700 506
200800 497
200900 538
201000 485
201100 518
201200 499
201300 525
201400 503
201500 518
201600 533
201700 514
201800 552
201900 477
202000 544
202100 483
202200 527
202300 498
202400 523
202500 515
202600 512
202700 574
202800 473
202900 550
203000 477
203100 548
203200 483
203300 540
203400 486
203500 626
203600 479
203700 531
203800 497
203900 538
204000 551
204100 530
204200 520
204300 516
204400 536
204500 534
204600 532
204700 531
204800 539
204900 544
205000 569
205100 526
205200 533
205300 517
205400 545
205500 526
205600 537
205700 517
205800 528
205900 525
206000 537
206100 549
206200 559
206300 518
206400 545
206500 517
206600 546
206700 490
206800 530
206900 513
207000 527
207100 510
207200 528
207300 517
207400 540
207500 522
207600 535
207700 526
207800 522
207900 544
208000 531
208100 540
208200 533
208300 533
208400 550
208500 593
208600 524
208700 572
208800 511
208900 553
209000 477
209100 549
209200 477
209300 530
209400 506
209500 540
209600 513
209700 539
209800 543
209900 530
210000 537
210100 538
210200 525
210300 536
210400 551
210500 522
210600 522
210700 542
210800 554
210900 521
211000 547
211100 499
211200 544
211300 482
211400 511
211500 519
211600 519
211700 529
211800 539
211900 558
212000 530
212100 559
212200 532
212300 559
212400 536
212500 545
212600 535
212700 533
212800 540
212900 544
213000 538
213100 547
213200 518
213300 562
213400 480
213500 564
213600 480
213700 553
213800 490
213900 558
214000 498
214100 545
214200 561
214300 535
214400 544
214500 521
214600 548
214700 521
214800 573
214900 537
215000 546
215100 541
215200 546
215300 575
215400 564
215500 525
215600 560
215700 516
215800 560
215900 527
216000 544
216100 542
216200 551
216300 539
216400 542
216500 561
216600 557
216700 522
216800 554
216900 526
217000 546
217100 525
217200 541
217300 526
217400 555
217500 533
217600 595
217700 521
217800 565
217900 522
218000 563
218100 528
218200 542
218300 538
218400 557
218500 526
218600 553
218700 549
218800 561
218900 530
219000 564
219100 547
219200 563
219300 529
219400 555
219500 515
219600 549
219700 528
219800 587
219900 543
220000 548
220100 542
220200 556
220300 540
220400 552
220500 528
220600 560
220700 513
220800 545
220900 571
221000 573
221100 539
221200 537
221300 538
221400 537
221500 542
221600 546
221700 556
221800 536
221900 565
222000 530
222100 581
222200 556
222300 560
222400 544
222500 550
222600 541
222700 558
222800 540
222900 572
223000 525
223100 550
223200 582
223300 577
223400 524
223500 565
223600 539
223700 545
223800 543
223900 536
224000 542
224100 534
224200 544
224300 582
224400 530
224500 573
224600 542
224700 558
224800 541
224900 548
225000 549
225100 555
225200 528
225300 544
225400 563
225500 563
225600 543
225700 566
225800 547
225900 561
226000 542
226100 556
226200 551
226300 557
226400 539
226500 579
226600 552
226700 562
226800 533
226900 558
227000 533
227100 569
227200 531
227300 558
227400 527
227500 559
227600 583
227700 558
227800 541
227900 559
228000 542
228100 548
228200 558
228300 556
228400 534
228500 542
228600 513
228700 559
228800 559
228900 556
229000 537
229100 570
229200 527
229300 563
229400 521
229500 560
229600 520
229700 560
229800 559
229900 554
230000 549
230100 554
230200 533
230300 557
230400 533
230500 557
230600 536
230700 551
230800 534
230900 563
231000 548
231100 561
231200 536
231300 554
231400 533
231500 563
231600 530
231700 564
231800 531
231900 563
232000 536
232100 585
232200 537
232300 569
232400 525
232500 566
232600 538
232700 557
232800 540
232900 548
233000 540
233100 565
233200 555
233300 566
233400 535
233500 558
233600 539
233700 564
233800 542
233900 567
234000 535
234100 556
234200 549
234300 581
234400 535
234500 565
234600 540
234700 563
234800 539
234900 558
235000 541
235100 542
235200 545
235300 567
235400 549
235500 586
235600 541
235700 556
235800 549
235900 552
236000 541
236100 561
236200 529
236300 587
236400 545
236500 572
236600 547
236700 569
236800 528
236900 567
237000 542
237100 578
237200 561
237300 556
237400 542
237500 584
237600 568
237700 558
237800 550
237900 560
238000 533
238100 561
238200 529
238300 568
238400 564
238500 567
238600 546
238700 576
238800 534
238900 573
239000 532
239100 569
239200 541
239300 569
239400 546
239500 567
239600 540
239700 568
239800 577
239900 571
240000 584
240100 680
240200 699
240300 710
240400 588
240500 559
240600 561
240700 550
240800 589
240900 500
241000 567
241100 501
241200 579
241300 519
241400 552
241500 545
241600 553
241700 543
241800 577
241900 564
242000 557
242100 547
242200 569
242300 545
242400 556
242500 544
242600 568
242700 555
242800 561
242900 545
243000 593
243100 541
243200 565
243300 549
243400 571
243500 555
243600 574
243700 551
243800 565
243900 549
244000 553
244100 566
244200 560
244300 542
244400 586
244500 574
244600 567
244700 556
244800 575
244900 552
245000 553
245100 555
245200 607
245300 509
245400 566
245500 543
245600 578
245700 555
245800 566
245900 546
246000 569
246100 552
246200 572
246300 573
246400 561
246500 552
246600 559
246700 558
246800 577
246900 542
247000 583
247100 553
247200 563
247300 548
247400 572
247500 554
247600 570
247700 564
247800 567
247900 570
248000 564
248100 571
248200 535
248300 582
248400 554
248500 577
248600 550
248700 573
248800 548
248900 575
249000 557
249100 583
249200 549
249300 576
249400 535
249500 581
249600 561
249700 577
249800 546
249900 568
250000 552
250100 559
250200 556
250300 570
250400 539
250500 567
250600 570
250700 564
250800 571
250900 568
251000 546
251100 572
251200 547
251300 549
251400 558
251500 560
251600 569
251700 663
251800 695
251900 543
252000 585
252100 554
252200 566
252300 554
252400 582
252500 544
252600 591
252700 580
252800 616
252900 557
253000 560
253100 597
253200 566
253300 633
253500 525
253600 547
253700 515
253800 559
253900 570
254000 570
254100 541
254200 533
254300 542
254400 583
254500 538
254600 546
254700 585
254800 593
254900 561
255000 542
255100 570
255200 569
255300 557
255400 521
255500 548
255600 532
255700 672
255900 613
256000 671
256100 587
256200 520
256300 553
256400 578
256500 619
256600 547
256700 566
256800 519
256900 574
257000 700
257100 686
257200 549
257300 521
257400 545
257500 533
257600 532
257700 544
257800 597
257900 557
258000 598
258100 581
258200 563
258300 568
258400 584
258500 557
258600 531
258700 529
258800 539
258900 576
259000 594
259100 585
259200 629
259300 527
259400 631
259500 594
259600 579
