1000 95
1500 105
2000 114
2500 115
3000 129
3500 125
4000 138
4500 136
5000 134
5500 148
6000 149
6500 148
7000 155
7500 161
8000 158
8500 156
9000 165
9500 171
10000 168
10500 177
11000 179
11500 169
12000 176
12500 198
13000 185
13500 194
14000 184
14500 190
15000 188
15500 199
16000 191
16500 197
17000 194
17500 201
18000 209
18500 197
19000 203
19500 200
20000 206
20500 210
21000 211
21500 204
22000 210
22500 208
23000 214
23500 222
24000 212
24500 219
25000 215
25500 221
26000 233
26500 216
27000 219
27500 216
28000 223
28500 242
29000 220
29500 224
30000 222
30500 221
31000 244
31500 223
32000 242
32500 235
33000 246
33500 238
34000 228
34500 232
35000 233
35500 235
36000 240
36500 238
37000 236
37500 238
38000 256
38500 233
39000 239
39500 236
40000 261
40500 242
41000 237
41500 240
42000 239
42500 264
43000 249
43500 244
44000 259
44500 265
45000 255
45500 244
46000 250
46500 254
47000 251
47500 259
48000 253
48500 247
49000 261
49500 261
50000 253
50500 252
51000 267
51500 258
52000 260
52500 259
53000 270
53500 262
54000 262
54500 259
55000 275
55500 273
56000 279
56500 275
57000 284
57500 265
58000 261
58500 269
59000 269
59500 275
60000 270
60500 266
61000 271
61500 274
62000 278
62500 268
63000 274
63500 306
64000 266
64500 267
65000 291
65500 278
66000 272
66500 286
67000 298
67500 284
68000 286
68500 273
69000 288
69500 289
70000 275
70500 274
71000 317
71500 271
72000 291
72500 285
73000 309
73500 293
74000 282
74500 292
75000 307
75500 292
76000 292
76500 292
77000 311
77500 296
78000 311
78500 301
79000 306
79500 287
80000 286
80500 329
81000 287
81500 307
82000 303
82500 310
83000 291
83500 304
84000 317
84500 295
85000 304
85500 296
86000 329
86500 295
87000 313
87500 336
88000 324
88500 290
89000 316
89500 327
90000 314
90500 302
91000 345
91500 297
92000 324
92500 300
93000 339
93500 318
94000 313
94500 335
95000 311
95500 313
96000 327
96500 340
97000 322
97500 334
98000 337
98500 318
99000 329
99500 355
100000 322
100500 308
101000 325
101500 326
102000 328
102500 310
103000 347
103500 316
104000 324
104500 357
105000 315
105500 329
106000 319
106500 360
107000 325
107500 318
108000 363
108500 313
109000 332
109500 358
110000 315
110500 334
111000 322
111500 358
112000 329
112500 328
113000 360
113500 330
114000 338
114500 390
115000 323
115500 361
116000 369
116500 325
117000 346
117500 363
118000 327
118500 344
119000 339
119500 349
120000 345
120500 347
121000 356
121500 347
122000 348
122500 359
123000 346
123500 347
124000 374
124500 349
125000 351
125500 371
126000 343
126500 354
127000 373
127500 343
128000 350
128500 375
129000 348
129500 354
130000 372
130500 346
131000 356
131500 375
132000 346
132500 351
133000 362
133500 370
134000 341
134500 352
135000 381
135500 343
136000 360
136500 379
137000 345
137500 355
138000 378
138500 396
139000 356
139500 369
140000 392
140500 436
141000 413
141500 367
142000 383
142500 349
143000 361
143500 391
144000 354
144500 356
145000 386
145500 359
146000 360
146500 383
147000 369
147500 364
148000 398
148500 382
149000 361
149500 391
150000 372
150500 371
151000 388
151500 360
152000 368
152500 386
153000 367
153500 364
154000 391
154500 374
155000 370
155500 394
156000 363
156500 379
157000 406
157500 377
158000 388
158500 370
159000 376
159500 395
160000 378
160500 374
161000 393
161500 372
162000 381
162500 404
163000 380
163500 368
164000 405
164500 377
165000 388
165500 400
166000 383
166500 368
167000 404
167500 381
168000 397
168500 391
169000 381
169500 407
170000 372
170500 386
171000 406
171500 384
172000 388
172500 412
173000 396
173500 391
174000 401
174500 380
175000 403
175500 392
176000 390
176500 416
177000 398
177500 395
178000 408
178500 391
179000 379
179500 415
180000 393
180500 411
181000 400
181500 395
182000 409
182500 395
183000 399
183500 423
184000 394
184500 400
185000 423
185500 395
186000 415
186500 402
187000 400
187500 423
188000 397
188500 399
189000 420
189500 400
190000 424
190500 399
191000 402
191500 428
192000 401
192500 408
193000 420
193500 414
194000 416
194500 414
195000 405
195500 437
196000 407
196500 400
197000 439
197500 403
198000 428
198500 411
199000 398
199500 425
200000 399
200500 404
201000 439
201500 388
202000 442
202500 400
203000 419
203500 433
204000 402
204500 412
205000 438
205500 412
206000 435
206500 407
207000 409
207500 440
208000 410
208500 417
209000 418
209500 417
210000 447
210500 411
211000 410
211500 440
212000 404
212500 436
213000 416
213500 409
214000 437
214500 412
215000 417
215500 453
216000 418
216500 448
217000 419
217500 426
218000 433
218500 418
219000 443
219500 421
220000 417
220500 446
221000 424
221500 424
222000 440
222500 422
223000 445
223500 417
224000 419
224500 448
225000 422
225500 444
226000 418
226500 420
227000 452
227500 419
228000 456
228500 425
229000 427
229500 456
230000 429
230500 447
231000 429
231500 433
232000 445
232500 426
233000 451
233500 433
234000 415
234500 457
235000 429
235500 451
236000 433
236500 428
237000 453
237500 428
238000 450
238500 438
239000 431
239500 448
240000 429
240500 457
241000 428
241500 433
242000 453
242500 432
243000 450
243500 434
244000 433
244500 454
245000 427
245500 472
246000 438
246500 437
247000 458
247500 433
248000 456
248500 431
249000 436
249500 465
250000 448
250500 467
251000 433
251500 436
252000 460
252500 440
253000 482
253500 452
254000 454
254500 445
255000 440
255500 461
256000 440
256500 467
257000 442
257500 440
258000 456
258500 437
259000 471
259500 440
260000 437
260500 459
261000 443
261500 480
262000 441
262500 461
263000 454
263500 445
264000 473
264500 438
265000 464
265500 448
266000 447
266500 463
267000 444
267500 478
268000 449
268500 445
269000 464
269500 443
270000 468
270500 443
271000 458
271500 456
272000 446
272500 474
273000 445
273500 480
274000 451
274500 449
275000 472
275500 446
276000 469
276500 455
277000 459
277500 452
278000 449
278500 474
279000 455
279500 478
280000 453
280500 453
281000 469
281500 449
282000 479
282500 446
283000 476
283500 446
284000 452
284500 479
285000 445
285500 482
286000 455
286500 473
287000 468
287500 455
288000 473
288500 450
289000 490
289500 457
290000 461
290500 473
291000 456
291500 481
292000 464
292500 479
293000 452
293500 462
294000 475
294500 455
295000 473
295500 454
296000 491
296500 457
297000 454
297500 466
298000 456
298500 484
299000 470
299500 468
300000 463
300500 456
301000 484
301500 458
302000 481
302500 458
303000 473
303500 471
304000 459
304500 483
305000 465
305500 484
306000 458
306500 481
307000 467
307500 466
308000 473
308500 459
309000 497
309500 459
310000 476
310500 482
311000 464
311500 486
312000 470
312500 487
313000 464
313500 480
314000 464
314500 468
315000 482
315500 461
316000 486
316500 476
317000 488
317500 462
318000 475
318500 490
319000 465
319500 486
320000 463
320500 496
321000 466
321500 467
322000 490
322500 470
323000 486
323500 476
324000 492
324500 473
325000 490
325500 476
326000 476
326500 494
327000 548
327500 549
328000 482
328500 565
329000 514
329500 492
330000 472
330500 490
331000 477
331500 471
332000 497
332500 469
333000 489
333500 470
334000 491
334500 474
335000 477
335500 495
336000 475
336500 489
337000 484
337500 497
338000 479
338500 514
339000 471
339500 473
340000 497
340500 558
341000 579
341500 553
342000 520
342500 519
343000 494
343500 512
344000 509
344500 476
345000 509
345500 480
346000 483
346500 494
347000 477
347500 501
348000 487
348500 501
349000 475
349500 506
350000 472
350500 485
351000 504
351500 475
352000 511
352500 475
353000 577
353500 480
354000 491
354500 477
355000 497
355500 478
356000 486
356500 497
357000 471
357500 510
358000 478
358500 498
359000 488
359500 500
360000 476
360500 527
361000 493
361500 495
362000 494
362500 479
363000 504
363500 481
364000 498
364500 486
365000 490
365500 490
366000 490
366500 501
367000 481
367500 516
368000 484
368500 493
369000 487
369500 497
370000 481
370500 493
371000 503
371500 483
372000 518
372500 477
373000 497
373500 497
374000 507
374500 486
375000 495
375500 496
376000 497
376500 515
377000 488
377500 509
378000 480
378500 507
379000 489
379500 505
380000 504
380500 489
381000 501
381500 498
382000 503
382500 501
383000 505
383500 480
384000 512
384500 482
385000 505
385500 497
386000 504
386500 504
387000 491
387500 502
388000 498
388500 504
389000 491
389500 510
390000 481
390500 506
391000 489
391500 483
392000 527
392500 484
393000 516
393500 484
394000 510
394500 490
395000 504
395500 494
396000 506
396500 492
397000 498
397500 509
398000 490
398500 511
399000 499
399500 557
400000 531
400500 521
401000 493
401500 585
402000 500
402500 518
403000 481
403500 505
404000 500
404500 490
405000 514
405500 488
406000 512
406500 491
407000 508
407500 497
408000 508
408500 495
409000 495
409500 498
410000 502
410500 512
411000 498
411500 524
412000 484
412500 518
413000 489
413500 509
414000 494
414500 505
415000 501
415500 492
416000 512
416500 507
417000 511
417500 499
418000 513
418500 485
419000 525
419500 489
420000 522
420500 493
421000 497
421500 506
422000 488
422500 532
423000 490
423500 506
424000 500
424500 511
425000 495
425500 513
426000 485
426500 508
427000 499
427500 492
428000 516
428500 504
429000 516
429500 498
430000 512
430500 506
431000 506
431500 500
432000 511
432500 492
433000 505
433500 511
434000 490
434500 531
435000 494
435500 526
436000 491
436500 522
437000 491
437500 505
438000 503
438500 508
439000 503
439500 497
440000 514
440500 515
441000 516
441500 499
442000 517
442500 491
443000 528
443500 494
444000 524
444500 495
445000 518
445500 506
446000 499
446500 524
447000 496
447500 523
448000 498
448500 514
449000 504
449500 515
450000 498
450500 523
451000 501
451500 526
452000 496
452500 521
453000 511
453500 505
454000 519
454500 500
455000 525
455500 492
456000 527
456500 496
457000 524
457500 494
458000 523
458500 505
459000 511
459500 505
460000 499
460500 510
461000 505
461500 515
462000 504
462500 528
463000 506
463500 524
464000 504
464500 528
465000 507
465500 519
466000 500
466500 516
467000 506
467500 512
468000 519
468500 515
469000 514
469500 508
470000 515
470500 511
471000 521
471500 499
472000 524
472500 497
473000 528
473500 498
474000 515
474500 505
475000 499
475500 524
476000 498
476500 533
477000 498
477500 517
478000 505
478500 525
479000 507
479500 515
480000 508
480500 522
481000 504
481500 514
482000 503
482500 520
483000 516
483500 509
484000 527
484500 508
485000 516
485500 500
486000 522
486500 498
487000 531
487500 497
488000 534
488500 503
489000 533
489500 504
490000 526
490500 505
491000 504
491500 527
492000 502
492500 525
493000 503
493500 532
494000 506
494500 527
495000 501
495500 526
496000 503
496500 518
497000 509
497500 518
498000 507
498500 509
499000 523
499500 506
500000 526
500500 514
